0.705882352941 0.84 0.767123287671 0.953216374269 0.927453769559 0.903047091413 88.9370932755 Computers:1
0.707317073171 0.87 0.780269058296 0.961538461538 0.929899856938 0.90027700831 89.3709327549 Computers:2
0.570422535211 0.81 0.669421487603 0.940438871473 0.882352941176 0.831024930748 82.6464208243 Computers:3
0.453846153846 0.59 0.513043478261 0.876132930514 0.838150289017 0.803324099723 75.704989154 Computers:4
0.747747747748 0.83 0.78672985782 0.951428571429 0.936708860759 0.92243767313 90.2386117137 Computers:5
0.860606060606 0.71 0.778082191781 0.804054054054 0.854578096948 0.911877394636 82.4295010846 Finance:1
0.863636363636 0.76 0.808510638298 0.831578947368 0.868131868132 0.908045977011 84.3817787419 Finance:2
0.795454545455 0.7 0.744680851064 0.789473684211 0.824175824176 0.862068965517 79.1757049892 Finance:3
0.653179190751 0.565 0.605898123324 0.697916666667 0.732240437158 0.770114942529 68.1127982646 Finance:4
0.878048780488 0.72 0.791208791209 0.811447811448 0.863799283154 0.92337164751 83.5140997831 Finance:5
0.5 0.29 0.367088607595 0.82382133995 0.869109947644 0.919667590028 78.3080260304 Health:1
0.555555555556 0.4 0.46511627907 0.845758354756 0.877333333333 0.91135734072 80.0433839479 Health:2
0.505376344086 0.47 0.487046632124 0.85597826087 0.864197530864 0.872576177285 78.5249457701 Health:3
0.327731092437 0.39 0.356164383562 0.821637426901 0.799431009957 0.778393351801 69.4143167028 Health:4
0.5625 0.36 0.439024390244 0.83879093199 0.878627968338 0.92243767313 80.0433839479 Health:5
0.389380530973 0.72131147541 0.505747126437 0.951149425287 0.885026737968 0.8275 81.3449023861 Research:1
0.380530973451 0.704918032787 0.494252873563 0.948275862069 0.882352941176 0.825 80.9110629067 Research:2
0.428571428571 0.737704918033 0.542168674699 0.955056179775 0.899470899471 0.85 83.5140997831 Research:3
0.259842519685 0.540983606557 0.351063829787 0.916167664671 0.83378746594 0.765 73.535791757 Research:4
0.425531914894 0.655737704918 0.516129032258 0.942779291553 0.90221642764 0.865 83.7310195228 Research:5
67.3204523418
